2
908
59
not_number
402
457
628
614
662
257
190
645
207
718
239
176
362
470
874
105
609
815
778
734
277
872
292
348
401
316
357
249
576
320
346
544
175
266
819
438
120
120
190
764
520
556
924
883
840
342
643
245
not_number
613
846
763
867
326
810
680
683
378
543
807
884
945
694
122
360
964
858
528
160
900
491
222
227
385
539
203
822
609
664
830
838
479
4
763
202
426
895
417
731
423
409
538
730
663
253
489
537
763
606
196
306
643
825
264
480
257
620
465
938
553
149
785
127
149
521
737
838
205
694
not_number
235
647
147
251
494
289
280
618
825
826
167
831
303
941
696
673
539
120
23
971
612
247
841
884
347
266
175
562
127
120
690
606
704
340
568
327
388
805
429
746
694
757
800
936
712
767
468
647
445
784
442
412
962
444
265
108
146
268
232
742
315
774
549
not_number
476
59
542
760
910
617
259
448
838
330
170
21
382
75
839
908
829
953
971
799
591
530
690
992
428
793
487
253
611
983
834
101
241
114
232
721
235
448
675
936
270
721
230
932
229
357
665
670
544
907
182
926
610
219
903
480
x
651
940
699
894
600
520
549
800
839
20
784
280
688
379
90
272
499
626
747
175
928
920
516
715
220
165
479
650
984
33
689
819
490
167
593
986
780
646
423
798
48
217
910
470
448
941
873
331
6
706
770
433
853
586
968
559
770
216
47
70
950
539
874
58
710
35
209
111
493
914
459
530
543
133
517
?
317
768
27
973
829
386
906
432
60
306
398
624
696
882
477
814
848
368
229
264
809
276
466
368
583
874
857
146
363
906
226
584
649
783
125
784
490
919
389
60
122
810
42
43
237
714
677
762
780
855
881
815
104
129
832
735
656
387
726
167
401
242
575
614
120
995
586
330
231
932
4
349
830
413
337
112
294
123
389
755
209
522
152
700
911
883
589
553
792
971
66
17
591
828
42
50
672
143
277
997
139
745
754
367
307
362
528
228
757
696
272
945
380
287
795
591
914
145
359
887
172
350
379
276
362
283
279
51
101
657
744
467
848
849
735
931
373
207
624
909
332
596
777
709
325
919
315
714
191
531
680
739
720
74
585
664
816
667
700
199
79
765
148
980
421
55
573
395
422
7
977
318
327
550
630
958
293
647
616
263
626
71
439
661
34
923
358
989
446
9
542
60
413
3
890
393
297
521
872
280
250
159
978
438
57
221
770
650
982
625
154
935
536
75
330
909
833
93
613
832
284
572
831
177
948
556
853
91
752
992
685
874
197
99
969
352
843
485
741
58
295
56
363
380
549
498
353
96
928
313
314
589
2
850
943
168
360
740
945
440
275
866
574
308
615
336
342
66
164
813
355
356
74
892
529
289
976
405
40
102
323
548
159
940
337
176
595
821
145
702
780
120
587
85
481
728
361
880
340
639
325
367
569
274
372
751
948
556
838
875
577
257
870
671
38
555
452
612
858
336
81
115
643
980
705
921
697
224
959
291
512
651
333
271
330
543
75
999
280
808
153
710
69
152
994
184
236
528
996
67
420
399
57
211
95
610
450
888
990
929
413
117
760
435
717
428
970
766
828
69
736
762
841
694
93
383
709
623
744
89
273
256
972
4
109
631
290
303
416
584
521
684
236
235
719
62
712
772
708
811
908
917
794
107
887
503
625
915
888
807
411
803
125
148
180
880
832
614
270
418
908
98
706
198
20
309
123
327
288
364
672
815
877
461
872
158
17
470
128
338
573
682
266
651
775
722
109
104
847
158
203
359
62
731
534
14
147
572
657
320
277
154
842
79
480
485
727
466
478
10
765
832
7
521
434
731
140
857
161
686
968
456
431
361
763
430
10
146
713
656
774
613
752
157
989
648
150
413
211
577
802
928
115
9
379
813
317
900
606
874
673
115
241
6
83
990
140
259
372
794
149
90
163
439
626
705
563
629
828
784
131
513
846
306
61
188
49
10
733
873
218
799
259
910
96
901
764
719
57
665
707
798
195
646
506
618
135
877
423
680
877
315
721
760
363
329
766
44
830
955
93
142
661
49
638
756
132
711
142
450
541
372
260
467
488
795
390
212
494
372
790
28
667
436
812
28
974
113
809
32
581
911
640
6
219
994
658
69
224
497
124
716
104
365
796
786
929
345
397
480
206
937
479
267
434
192
504
884
559
180
895
614
753
448
886
159
36
315
872
299
887
407
693
5
935
103
305
221
413
316
570
33
69
848
144
409
521
760
403
852
743
742
5
25
794
183
318
920
249
310
374
744
415
839
312
398
21
357
639
452
437
549
278
772
51
431